-1.36156 -1.05557 1.21616 255 255 255 
-1.40841 -1.09541 1.26206 255 255 255 
-1.45894 -1.13836 1.31155 255 255 255 
-1.51383 -1.18502 1.3653 255 255 255 
-1.57315 -1.23545 1.42341 255 255 255 
-1.63774 -1.29037 1.48668 255 255 255 
-1.70835 -1.3504 1.55584 255 255 255 
-1.78584 -1.41628 1.63175 255 255 255 
-1.87129 -1.48893 1.71545 255 255 255 
-1.96597 -1.56943 1.80819 255 255 255 
-2.07148 -1.65913 1.91154 255 255 255 
-2.18978 -1.75971 2.02742 255 255 255 
-2.32335 -1.87326 2.15825 255 255 255 
-2.47534 -2.00249 2.30714 255 255 255 
-2.64986 -2.15087 2.47809 255 255 255 
-2.85231 -2.32299 2.67639 255 255 255 
-3.08999 -2.52506 2.9092 255 255 255 
-3.37295 -2.76563 3.18637 255 255 255 
-3.7155 -3.05687 3.52192 255 255 255 
-4.13679 -3.41509 3.93464 255 255 255 
-4.6748 -3.87245 4.46159 255 255 255 
-3.39207 -3.34891 3.8584 253 255 255 
-3.77837 -3.74558 4.31542 255 255 255 
-4.32035 -4.30049 4.95474 255 255 255 
-1.52961 -1.65913 1.91154 255 255 255 
-1.61506 -1.75971 2.02742 254 255 255 
-1.71154 -1.87326 2.15825 255 255 255 
-1.82133 -2.00249 2.30714 255 255 255 
-1.94739 -2.15087 2.47809 255 255 255 
-2.09363 -2.32299 2.67639 255 255 255 
-2.2653 -2.52506 2.9092 255 255 255 
-2.46969 -2.76563 3.18637 255 255 255 
